pc =    0, 00020137     LUI
rs1= -1 rs2=-1 rd=2 131072
0 131072 0 0 0 0 0 0 0 0 0 0 0 0 0 0 0 0 0
pc =    4, 098010ef     JAL
rs1= -1 rs2=-1 rd=1 4248
8 131072 0 0 0 0 0 0 0 0 0 0 0 0 0 0 0 0 0
pc = 4252, ff010113     ADDI
rs1= 2 rs2=-1 rd=2 4294967280
8 131056 0 0 0 0 0 0 0 0 0 0 0 0 0 0 0 0 0
pc = 4256, 00112623     SW
rs1= 2 rs2=1 rd=-1 12
8 131056 0 0 0 0 0 0 0 0 0 0 0 0 0 0 0 0 0
pc = 4260, 07800513     ADDI
rs1= 0 rs2=-1 rd=10 120
8 131056 0 0 0 0 0 0 0 120 0 0 0 0 0 0 0 0 0
pc = 4264, f59ff0ef     JAL
rs1= -1 rs2=-1 rd=1 4294967128
4268 131056 0 0 0 0 0 0 0 120 0 0 0 0 0 0 0 0 0
pc = 4096, 00001737     LUI
rs1= -1 rs2=-1 rd=14 4096
4268 131056 0 0 0 0 0 0 0 120 0 0 0 4096 0 0 0 0 0
pc = 4100, 18072783     LW
rs1= 14 rs2=-1 rd=15 384
4268 131056 0 0 0 0 0 0 0 120 0 0 0 4096 0 0 0 0 0
pc = 4104, 00f54533     XOR
rs1= 10 rs2=15 rd=10 0
4268 131056 0 0 0 0 0 0 0 120 0 0 0 4096 0 0 0 0 0
pc = 4108, 0ad50513     ADDI
rs1= 10 rs2=-1 rd=10 173
4268 131056 0 0 0 0 0 0 0 293 0 0 0 4096 0 0 0 0 0
pc = 4112, 18a72023     SW
rs1= 14 rs2=10 rd=-1 384
4268 131056 0 0 0 0 0 0 0 293 0 0 0 4096 0 0 0 0 0
pc = 4116, 00008067     JALR
rs1= 1 rs2=-1 rd=0 0
@@@@ 4268 0 4268
4268 131056 0 0 0 0 0 0 0 293 0 0 0 4096 0 0 0 0 0
pc = 4268, 0fd00593     ADDI
rs1= 0 rs2=-1 rd=11 253
4268 131056 0 0 0 0 0 0 0 293 253 0 0 4096 0 0 0 0 0
pc = 4272, 000017b7     LUI
rs1= -1 rs2=-1 rd=15 4096
4268 131056 0 0 0 0 0 0 0 293 253 0 0 4096 4096 0 0 0 0
pc = 4276, 1807a503     LW
rs1= 15 rs2=-1 rd=10 384
4268 131056 0 0 0 0 0 0 0 293 253 0 0 4096 4096 0 0 0 0
pc = 4280, 094000ef     JAL
rs1= -1 rs2=-1 rd=1 148
4284 131056 0 0 0 0 0 0 0 293 253 0 0 4096 4096 0 0 0 0
pc = 4428, 00008293     ADDI
rs1= 1 rs2=-1 rd=5 0
4284 131056 0 0 4284 0 0 0 0 293 253 0 0 4096 4096 0 0 0 0
pc = 4432, 0005ca63     BLT
rs1= 11 rs2=0 rd=-1 20
4284 131056 0 0 4284 0 0 0 0 293 253 0 0 4096 4096 0 0 0 0
pc = 4436, 00054c63     BLT
rs1= 10 rs2=0 rd=-1 24
4284 131056 0 0 4284 0 0 0 0 293 253 0 0 4096 4096 0 0 0 0
pc = 4440, f79ff0ef     JAL
rs1= -1 rs2=-1 rd=1 4294967160
4444 131056 0 0 4284 0 0 0 0 293 253 0 0 4096 4096 0 0 0 0
pc = 4304, 00058613     ADDI
rs1= 11 rs2=-1 rd=12 0
4444 131056 0 0 4284 0 0 0 0 293 253 253 0 4096 4096 0 0 0 0
pc = 4308, 00050593     ADDI
rs1= 10 rs2=-1 rd=11 0
4444 131056 0 0 4284 0 0 0 0 293 293 253 0 4096 4096 0 0 0 0
pc = 4312, fff00513     ADDI
rs1= 0 rs2=-1 rd=10 4294967295
4444 131056 0 0 4284 0 0 0 0 4294967295 293 253 0 4096 4096 0 0 0 0
pc = 4316, 02060c63     BEQ
rs1= 12 rs2=0 rd=-1 56
4444 131056 0 0 4284 0 0 0 0 4294967295 293 253 0 4096 4096 0 0 0 0
pc = 4320, 00100693     ADDI
rs1= 0 rs2=-1 rd=13 1
4444 131056 0 0 4284 0 0 0 0 4294967295 293 253 1 4096 4096 0 0 0 0
pc = 4324, 00b67a63     BGEU
rs1= 12 rs2=11 rd=-1 20
4444 131056 0 0 4284 0 0 0 0 4294967295 293 253 1 4096 4096 0 0 0 0
pc = 4328, 00c05863     BGE
rs1= 0 rs2=12 rd=-1 16
4444 131056 0 0 4284 0 0 0 0 4294967295 293 253 1 4096 4096 0 0 0 0
pc = 4332, 00161613     SLLI
rs1= 12 rs2=-1 rd=12 1
4444 131056 0 0 4284 0 0 0 0 4294967295 293 506 1 4096 4096 0 0 0 0
pc = 4336, 00169693     SLLI
rs1= 13 rs2=-1 rd=13 1
4444 131056 0 0 4284 0 0 0 0 4294967295 293 506 2 4096 4096 0 0 0 0
pc = 4340, feb66ae3     BLTU
rs1= 12 rs2=11 rd=-1 4294967284
4444 131056 0 0 4284 0 0 0 0 4294967295 293 506 2 4096 4096 0 0 0 0
pc = 4344, 00000513     ADDI
rs1= 0 rs2=-1 rd=10 0
4444 131056 0 0 4284 0 0 0 0 0 293 506 2 4096 4096 0 0 0 0
pc = 4348, 00c5e663     BLTU
rs1= 11 rs2=12 rd=-1 12
4444 131056 0 0 4284 0 0 0 0 0 293 506 2 4096 4096 0 0 0 0
pc = 4360, 0016d693     SRLI
rs1= 13 rs2=-1 rd=13 1
4444 131056 0 0 4284 0 0 0 0 0 293 506 1 4096 4096 0 0 0 0
pc = 4364, 00165613     SRLI
rs1= 12 rs2=-1 rd=12 1
4444 131056 0 0 4284 0 0 0 0 0 293 253 1(13) 4096 4096 0 0 0 0
pc = 4368, fe0696e3     BNE
rs1= 13 rs2=0 rd=-1 4294967276
4444 131056 0 0 4284 0 0 0 0 0 293 253 1 4096 4096 0 0 0 0
pc = 4348, 00c5e663     BLTU
rs1= 11 rs2=12 rd=-1 12
4444 131056 0 0 4284 0 0 0 0 0 293 253 1 4096 4096 0 0 0 0
pc = 4352, 40c585b3     SUB
rs1= 11 rs2=12 rd=11 0
4444 131056 0 0 4284 0 0 0 0 0 40 253 1 4096 4096 0 0 0 0 
pc = 4356, 00d56533     OR
rs1= 10 rs2=13 rd=10 0
4444 131056 0 0 4284 0 0 0 0 1 40 253 1 4096 4096 0 0 0 0
pc = 4360, 0016d693     SRLI
rs1= 13 rs2=-1 rd=13 1
4444 131056 0 0 4284 0 0 0 0 1 40 253 0 4096 4096 0 0 0 0
pc = 4364, 00165613     SRLI
rs1= 12 rs2=-1 rd=12 1
4444 131056 0 0 4284 0 0 0 0 1 40 126 0 4096 4096 0 0 0 0
pc = 4368, fe0696e3     BNE
rs1= 13 rs2=0 rd=-1 4294967276
4444 131056 0 0 4284 0 0 0 0 1 40 126 0 4096 4096 0 0 0 0
pc = 4372, 00008067     JALR
rs1= 1 rs2=-1 rd=0 0
@@@@ 4444 0 4444
4444 131056 0 0 4284 0 0 0 0 1 40 126 0 4096 4096 0 0 0 0
pc = 4444, 00058513     ADDI
rs1= 11 rs2=-1 rd=10 0
4444 131056 0 0 4284 0 0 0 0 40 40 126 0 4096 4096 0 0 0 0
pc = 4448, 00028067     JALR
rs1= 5 rs2=-1 rd=0 0
@@@@ 4284 0 4284
4444 131056 0 0 4284 0 0 0 0 40 40 126 0 4096 4096 0 0 0 0
pc = 4284, 00c12083     LW
rs1= 2 rs2=-1 rd=1 12
8 131056 0 0 4284 0 0 0 0 40 40 126 0 4096 4096 0 0 0 0
pc = 4288, 01010113     ADDI
rs1= 2 rs2=-1 rd=2 16
8 131072 0 0 4284 0 0 0 0 40 40 126 0 4096 4096 0 0 0 0
pc = 4292, 00008067     JALR
rs1= 1 rs2=-1 rd=0 0
@@@@ 8 0 8
8 131072 0 0 4284 0 0 0 0 40 40 126 0 4096 4096 0 0 0 0
pc =    8, 0ff00513     ADDI
rs1= 0 rs2=-1 rd=10 255
40